1988 11.9 14.0 19.4 21.0 23.9 27.4 32.7 16.4 29.4 24.3 14.9 11.4
1989 11.3 15.9 20.5 17.9 25.8 30.0 33.5 32.8 27.0 23.4 16.2 13.9
1990 12.1 18.7 20.6 19.7 26.5 28.4 34.2 32.6 28.5 21.8 14.4 9.3
1991 11.4 13.5 18.5 19.8 22.3 29.3 33.5 33.9 29.5 20.6 14.2 10.1
1992 9.2 14.2 17.5 22.6 26.0 24.8 31.4 32.1 27.0 18.7 16.8 11.5
1993 11.6 13.6 17.3 21.3 25.6 31.0 31.8 32.9 26.6 18.6 13.6 11.0
1994 11.9 14.7 21.3 20.6 26.1 32.0 35.9 35.0 27.2 21.2 17.3 11.3
1995 11.8 16.6 18.7 22.3 25.6 27.0 33.7 31.0 24.9 23.6 16.2 11.5
1996 11.2 12.1 16.0 20.3 24.3 29.6 32.1 30.3 25.0 20.9 13.7 11.2
1997 9.8 15.9 21.5 22.2 25.3 28.1 30.8 32.6 28.7 24.3 14.7 10.4
1998 11.3 16.2 19.7 19.7 24.8 29.8 33.2 32.5 27.0 21.9 14.9 10.9
1999 11.6 14.0 18.9 21.8 27.3 29.4 32.0 32.4 28.9 22.6 13.7 11.3
2000 10.0 17.6 19.6 19.6 26.4 29.4 31.1 33.2 29.0 21.1 14.4 12.9
2001 12.1 14.9 21.0 21.6 25.9 31.2 32.0 34.1 27.1 24.9 13.6 7.4
2002 11.0 16.0 18.9 19.6 23.0 30.7 31.7 29.9 26.9 22.5 16.2 12.4
2003 11.2 10.7 19.7 21.2 26.5 34.0 34.1 35.6 26.7 19.7 16.0 10.1
2004 12.2 13.0 16.2 18.9 23.3 30.4 31.5 32.5 28.8 24.6 15.0 11.8
2005 10.2 12.2 18.2 22.2 27.0 32.2 33.5 31.0 27.6 22.7 14.6 7.9
2006 9.6 13.1 18.5 22.8 27.2 30.9 35.3 31.1 28.4 24.4 17.7 11.3
2007 12.4 15.3 18.0 21.2 25.9 29.8 32.0 30.1 27.6 22.8 14.8 11.2
2008 12.3 15.3 18.2 21.0 22.8 28.7 32.3 31.9 26.8 21.8 13.6 9.4
2009 10.6 13.8 18.5 20.1 27.5 31.1 31.5 33.7 28.0 23.2 16.6 10.5
2010 9.6 11.7 15.2 21.3 23.6 28.4 33.5 31.5 27.1 21.1 13.8 10.2
2011 11.5 14.6 17.3 23.8 27.2 27.9 30.2 32.8 30.2 24.5 17.1 11.7
2012 10.8 12.5 20.6 19.3 26.0 31.4 31.8 34.0 27.7 22.7 15.4 11.6
2013 11.5 12.7 17.1 20.1 22.4 28.2 33.3 32.0 28.5 24.6 15.6 10.1
2014 12.3 14.2 18.7 23.4 24.3 30.3 31.1 30.5 28.3 25.3 16.5 10.6
2015 11.3 12.3 18.7 22.7 27.9 31.3 35.3 31.6 25.8 21.5 17.7 13.8